000043
000065
000167
000185
000193
000208
000264
000285
000371
000412
000474
000490
000487
000498
000595
000632
000656
000684
000690
000698
000717
000838
000921
000944
000936
000952
000978
000993
001044
001060
001087
001124
001143
001168
001176
001224
001230
001349
001366
001398
001411
001436
001482
001508
001623
001629
001637
001736
001751
001775
001793
001804
001831
001844
001982
002005
002026
002037
002058
002059
002236
002250
002251
002259
002262
002288
002304
002320
002369
002371
002426
002450
002463
002471
002472
002758
002779
002946
002952
002985
002999
003008
003013
003205
003211
003236
003247
003252
003261
003260
003264
003265
003516
003532
003542
003543
003797
003819
003829
003839
003840
003958
003977
004041
004066
004112
004125
004133
004301
004304
004318
004321
004408
004434
004447
004454
004460
004555
004578
004622
004627
004631
004643
004658
004750
004774
004797
004805
004873
004894
004905
004910
004942
004991
004994
004996
005058
005066
005075
005137
005156
005211
005216
005217
005218
005226
005227
005357
005450
005472
005471
005474
005477
005476
005479
005559
005610
005622
005671
005681
005689
005698
005735
005744
005947
005951
005953
005992
005997
006150
006186
006223
006228
006238
006258
006283
006375
006433
006453
006473
006487
006496
006659
006680
006674
006693
006703
006718
006724
006914
006943
006939
006951
006971
006988
007003
007017
007088
007145
007190
007206
007213
007221
007227
007226
007229
007332
007356
007396
007409
007426
007433
007443
007445
007452
007508
007541
007606
007625
007671
007674
007822
007860
007861
007869
007872
007888
007889
007896
007950
008062
008076
008095
008087
008107
008114
008115
008224
008257
008274
008303
008296
008312
008311
008328
008335
008334
008508
008521
008520
008528
008542
008543
008781
008797
008794
008796
008799
008800
008820
008824
008832
008994
009010
009020
009022
009021
009195
009256
009259
009260
009261
009271
009285
009287
009295
009326
009370
009454
009461
009649
009671
009667
009674
009679
009704
009717
009821
009882
009896
009934
009958
009960
009966
009965
009969
009970
010159
010165
010190
010199
010200
010205
010289
010306
010302
010392
010414
010407
010431
010436
010439
010444
010466
010596
010627
010648
010662
010661
010693
010748
010763
010835
010843
010847
010909
010925
010935
010933
010937
010939
011031
011082
011109
011129
011147
011148
011158
011159
011161
011253
011276
011291
011296
011385
011405
011423
011439
011473
011488
011505
011523
011620
011621
011643
011802
011954
011969
011966
011983
012079
012106
012156
012173
012172
012185
012188
012190
012191
012288
012306
012313
012318
012331
012381
012382
012392
012393
012399
012428
012435
012438
012445
012458
012650
012657
012673
012706
012723
012722
012731
012748
012764
012806
012818
012884
012901
012904
012941
012987
013012
013091
013113
013116
013129
013157
013243
013332
013351
013400
013542
013546
013555
013557
013583
013826
013827
013989
014015
014016
014030
014052
014053
014108
014133
014169
014255
014261
014268
014270
014269
014273
014384
014403
014400
014420
014453
014459
014458
014461
014656
014657
014664
014669
014679
014680
014868
014888
014897
014901
014902
014903
014905
014937
014960
015040
015053
015057
015081
015097
015187
015207
015201
015214
015248
015259
015406
015419
015431
015436
015437
015471
015488
015487
015605
015651
015660
015734
015743
015758
015769
015776
015775
015778
015844
015930
015954
015982
016007
016011
016010
016013
016076
016176
016197
016191
016234
020129
020230
020231
020233
020400
020403
020610
020628
020646
020791
020813
020812
020828
020934
020955
020974
021014
021015
021025
021264
021444
021466
021483
021500
021543
021602
021767
021852
021875
021915
021932
021979
021993
021994
022008
022002
022014
022080
022250
022253
022381
022400
022402
022421
022450
022473
022791
022834
022846
022932
022935
022952
023014
023259
023285
023288
023291
023294
023305
023336
023347
023373
023556
023566
023580
023631
023756
023786
023792
023808
023819
023893
024144
024172
024176
024185
024184
024189
024194
024198
024207
024219
024600
024607
024606
024614
024854
024930
025064
025092
025093
025104
025159
025294
025324
025452
025467
025477
025614
025628
025646
025750
025947
025966
025975
025982
026137
026188
026207
026218
026405
026437
026508
026600
026623
026624
026638
026637
026649
026820
026866
026946
026961
027048
027051
027085
027097
027301
027435
027460
027526
027549
027560
027819
027848
027890
027891
027897
027948
027994
028019
028030
028040
028072
028092
028112
028111
028121
028180
028212
028453
028474
028475
028486
028513
028760
028943
028992
029008
029151
029308
029327
029363
029460
029518
029604
029623
029651
029649
029665
029682
029758
029814
029836
030066
030092
030113
030132
030317
030330
030335
030387
030596
030614
030613
030631
030749
030831
030838
030849
030855
030860
030872
030893
030941
030966
030981
031130
031157
031176
031175
031205
031212
031376
031502
031509
031519
031551
031571
031573
031765
031793
031797
031823
031962
031991
032103
032202
032237
032256
032271
032286
032296
032374
032391
032622
032660
032744
032778
032790
032860
032888
032924
032947
033048
033130
033141
033269
033290
033365
034132
034329
034346
034591
034619
034648
034658
034669
034683
034686
034696
034698
034700
034802
034879
034900
034906
034927
034949
035096
035113
035172
035174
035176
035179
035180
035315
035493
035513
035541
035640
035642
035647
035651
036373
036389
036655
036679
036703
036901
036960
036977
036990
037003
037118
037140
037161
037186
037179
037352
037376
037392
037410
037451
037468
037724
037757
037922
037940
038121
038259
038283
038505
038575
038588
200058
200059
200109
200233
200259
200256
200270
200275
200279
200278
200299
200305
200583
200613
200641
200657
200690
200692
200705
200719
200732
200828
200856
200988
201029
201036
201033
201039
201110
201197
201218
201290
201312
201349
201366
201384
201387
201437
201655
201663
201665
201679
201689
201726
201739
201733
201750
201897
201932
202118
202138
202141
202161
202290
202317
202360
202370
202433
202458
202603
202619
202653
202667
202717
202744
202793
202995
203092
203112
203297
203302
203314
203334
203349
203407
203474
203489
203552
203564
203560
203572
203585
203591
203599
203644
203680
203689
203812
203838
203946
203966
204064
204085
204090
204106
204112
204117
204092
204206
204268
204311
204334
204368
204367
204379
204371
204384
204484
204515
204697
204718
204725
205021
205256
205261
205271
205274
205286
205289
205291
205369
205377
205392
205646
205658
205671
205730
205734
205749
205764
206080
206100
206154
206175
206496
206569
206581
206580
206586
206587
206585
206592
206591
206594
206596
206720
206822
206893
206920
206987
206996
206997
207000
207126
207148
207316
207327
207339
207344
207684
207726
207747
207846
207859
208016
208033
208068
208097
208109
208122
208143
208230
208476
208488
208520
208543
208559
208575
208640
208650
208806
208826
208939
208963
209013
209096
209112
209195
209307
209323
209556
209594
209604
209623
209695
209701
209703
209726
209744
209739
209756
209841
209871
209914
209931
209940
209952
209957
210109
210184
210244
210249
210272
210438
210452
210538
210551
210550
210557
210572
210591
210608
210678
210887
210974
210996
211086
211206
211320
211407
211583
211930
211980
212002
212010
212022
212293
212316
212337
212363
212471
212480
212681
212697
212695
212844
213039
213041
213048
213083
213099
213120
213130
213659
213678
213679
213742
213821
213842
213845
213859
214023
214024
214126
214135
214139
214140
214237
214261
214320
214360
214373
214497
214520
214524
214545
214561
214589
214674
214677
214684
214688
214727
214740
214806
214822
214987
215013
215039
215072
215080
215159
215195
215205
215214
215258
215286
215548
215570
215788
215851
215877
215901
215906
216076
216080
216160
216341
216820
216895
216909
216932
216934
216942
217650
217729
217766
217788
217813
217833
217864
217884
217892
217917
217997
218012
218042
218070
218100
218122
218143
218146
218151
218150
218152
218155
218159
218163
218162
220239
220344
220347
220351
220350
220352
220354
220559
220700
220772
220791
220813
220822
220837
220989
221011
221006
221010
221019
221080
221149
221198
221215
221231
221405
221424
221538
221551
221588
221620
221642
221644
221771
221783
221794
221836
221844
221867
221865
221881
221971
222081
222092
222218
222468
222483
222685
222703
222718
222732
222749
222768
222776
222799
222806
222811
222918
223021
223129
223151
223178
223195
223280
223299
223317
223371
223404
223551
223663
223718
223729
223737
223909
223940
224019
224046
224103
224226
224634
224642
224651
224655
224836
224863
225025
225070
225116
225246
225291
225307
225321
225325
225354
225497
225528
225633
225725
225742
225779
225781
225952
225959
226062
226091
226189
226216
226220
226250
226466
226486
226520
226540
226545
226594
226877
226904
226971
226987
227036
227229
227245
227483
227489
227499
227552
227577
227579
227589
227848
227867
228131
228147
228176
228188
228404
228421
228433
228447
228482
228558
228559
228561
228562
228610
228787
228811
228826
228840
228863
228881
228889
229270
229287
229299
229354
229581
229588
229593
229601
229618
229851
229866
229925
229951
230015
230040
230225
230285
230322
230379
230386
230389
230425
230467
230476
230491
230563
230607
230638
230677
230681
230690
230887
230906
230926
231101
231114
231177
231189
231318
231636
231701
231712
231718
231716
231721
231719
231767
231794
232012
232049
232054
232066
232075
232133
232143
232385
232404
232468
232479
232506
232523
232536
232648
232666
232862
232870
233189
233193
233205
233230
233255
233260
233298
233308
233359
233385
233639
233666
233672
233680
233695
233715
233745
233755
233770
233869
234305
234358
234476
234501
234519
234592
234632
234751
234772
234844
234855
234853
234866
234939
234957
235030
235070
235241
235268
235424
235484
235611
235632
236177
236191
236212
236225
236219
236233
236265
236591
236614
236786
237005
237307
237321
237331
237349
237484
237518
237736
237760
237770
238313
238378
238410
238437
238517
238524
238549
238578
238625
238687
238705
238735
238894
238907
239136
239162
239175
239202
240000
240020
240279
240329
240353
240385
240402
240415
240411
240421
240427
240492
240624
240636
241031
241051
241152
241169
241192
241395
241421
241423
241432
241454
241474
241488
241503
241532
241551
241579
241585
241607
241802
241817
241863
241900
241901
241908
241952
241966
242011
242018
242231
242232
242245
242247
242260
242270
242325
242352
242413
242544
242811
242827
242853
242868
242864
242890
243014
243109
243146
243151
243162
243165
243308
243485
243500
243506
243632
243783
243807
243817
243849
243838
243916
243928
243944
244023
244028
244110
244188
244210
244221
244390
244434
244451
244459
244464
244465
244466
244496
244515
244645
244661
244731
244768
244787
244842
244878
244886
244899
244903
244990
245327
245346
245392
245415
245426
245425
245432
245452
245467
245496
245812
245822
245841
245849
245848
245949
245969
246160
246296
246308
246387
246452
246467
246487
246505
246600
246625
246773
246796
246938
247119
247145
247221
247239
247346
247345
247354
247356
247364
247373
247654
247675
247955
247975
248083
248100
248148
248385
248404
248397
248406
248425
248653
248915
248983
248994
249002
249015
249031
249133
249168
249187
249216
249245
249260
249308
249318
249383
249399
249398
249426
249545
249590
249690
249889
250052
250065
250063
250079
250098
250111
250113
250200
250213
250247
250535
250545
250558
250584
250587
250778
250792
250830
250910
250923
251089
251100
251109
251245
251259
251313
251337
251335
251562
251588
251722
251732
251816
251835
251827
251850
251916
251938
252080
252082
252090
252095
252352
252376
252418
252453
252455
252458
252998
253034
253077
253108
253383
253397
253520
253543
253800
253825
254158
254193
254378
254388
254412
254407
254425
254568
254601
254624
254871
254894
254897
254904
254923
255213
255245
255264
255339
255348
255363
255368
255372
255371
255384
255385
255406
255417
255414
255482
255606
255800
255804
255813
255993
256004
256056
256217
256243
256269
256406
256429
256433
256458
256462
256508
256569
256649
256812
256898
257023
257095
257104
257116
257191
257193
257208
257366
257389
257387
257397
257478
257492
257740
257742
257752
257755
257871
257926
257948
257946
258069
258084
258113
258260
258286
258438
258685
258738
258899
258944
258970
259024
259040
259063
259102
040060
040077
040128
040152
040169
040165
040173
040168
040179
040187
040188
040279
040382
040385
040389
040388
040390
040403
040404
040534
040606
040616
040621
040630
040629
040633
040661
040716
040758
040824
040840
040834
040846
040852
040867
040879
040891
040968
040991
041021
041085
041090
041091
041092
041093
041094
041282
041301
041298
041303
041309
041310
041388
041477
041490
041487
041498
041506
041507
041684
041693
041703
041707
041706
041710
041861
041907
041910
041912
041913
041914
041915
042046
042089
042101
042098
042111
042110
042113
042267
042298
042300
042313
042314
042316
042391
042455
042481
042510
042515
042528
042537
042545
042602
042683
042705
042725
042729
042753
042762
042776
042785
042901
042928
042938
042949
042991
043073
043157
043183
043221
043230
043242
043247
043413
043502
043505
043508
043507
043519
043611
043630
043663
043688
043730
043736
043746
043753
043875
043899
043901
043965
043988
044005
044013
044016
044027
044135
044161
044174
044166
044182
044225
044240
044249
044268
044380
044384
044398
044401
044474
044487
044498
044580
044586
044601
044602
044617
044680
044690
044864
044883
044932
044950
045038
045155
045167
045179
045191
045227
045243
045256
045349
045374
045377
045415
045416
045424
045430
045445
045534
045565
045641
045651
045739
045826
045855
045925
045942
045954
046025
046036
046051
046059
046071
046203
046218
046272
046284
046344
046355
046396
046399
046398
046578
046607
046615
046618
046667
046688
046869
046881
046897
046976
046988
046984
046993
047065
047080
047075
047115
047122
047228
047249
047251
047292
047308
047353
047366
047527
047544
047548
047558
047583
047603
047727
047776
047778
047781
047782
047791
047799
047858
047871
047867
047870
047985
048045
048053
048070
048092
048101
048098
048108
048118
048127
048139
048214
048242
048419
048437
048444
048440
048509
048543
048630
048648
048682
048701
048714
048722
048742
048825
048843
048904
048909
048935
048998
049025
049029
049037
049103
049120
049136
049153
049158
049225
049426
049441
049440
049458
049513
049514
049521
049536
049620
049700
049722
049711
049724
049749
049760
049810
049951
049970
049977
049983
050028
050056
050096
050106
050149
050155
050154
050166
050245
050266
050257
050272
050269
050282
050373
050391
050398
050412
050415
050463
050489
050592
050624
050650
050677
050687
050738
050752
050783
050817
050836
050896
050909
051131
051154
051149
051156
051206
051228
051281
051291
051378
051402
051397
051424
051434
051447
051449
051472
051609
051659
051673
051672
051683
051707
051711
051905
051938
051942
051971
051974
051986
052076
052145
052161
052170
052188
052201
052206
052264
052292
052418
052441
052455
052466
052510
052518
052664
052678
052742
052745
052751
052752
052757
052762
052975
053000
053020
053038
053063
053124
053143
053230
053263
053299
053352
053380
053381
053410
053433
053449
053581
053642
053650
053746
053870
053899
053903
053915
054008
054013
054024
054133
054190
054214
054402
054430
054443
054445
054457
054517
054534
054594
054625
054645
054701
054721
054738
054761
054792
054951
054967
054988
054987
054999
055158
055177
055169
055188
055199
055334
055352
055367
055388
055383
055391
055413
055431
055463
055695
055719
055723
055730
055737
055736
055740
055766
055777
055781
055820
055860
056065
056078
056095
056120
056127
056165
056167
056169
056226
056246
056248
056350
056379
060156
060273
060327
060347
060346
060351
060592
060697
060707
060704
060720
061020
061037
061039
061047
061059
061144
061170
061297
061336
061358
061456
061486
061494
061505
061742
061780
061813
061815
061820
061835
062119
062176
062198
062230
062264
062273
062498
062587
062690
062705
062923
062954
063002
063023
063069
063084
063283
063403
063417
063419
063426
063440
063454
063472
063470
063477
063482
063507
063690
063720
063724
063734
063757
063823
063828
063907
063916
063933
063953
063967
064077
064515
064541
064550
064639
064678
064813
064832
064826
064838
064895
064941
065099
065135
065145
065153
065168
065196
065213
065206
065603
065609
065644
065834
065841
065946
065952
065967
065988
066004
066018
066062
066074
066130
066147
066238
066273
066627
066663
066697
066740
066750
066857
066970
067047
067080
067085
067089
067096
067183
067206
067225
067345
067359
067378
067420
067442
067530
067542
067558
067663
067664
067670
067713
067729
067748
067808
067827
067912
067914
067929
068030
068049
068070
068116
068136
068345
068538
068567
068675
068797
068814
068971
069007
069086
069231
069500
069511
069515
069519
069537
069546
069557
069558
069564
069561
069648
069708
069903
069938
069965
070033
070072
070153
070306
070383
070444
070475
070501
070616
070645
070651
070782
070860
071047
071057
071063
071087
071114
071149
071176
071173
071247
071264
071543
071580
071594
071607
071881
071882
071894
072333
072404
072421
072433
072446
072511
072798
072799
072805
072836
072872
072879
073216
073228
073235
073255
073256
073259
073260
073261
073262
073271
073287
073345
073373
073731
073751
073917
073916
073966
074068
074152
074165
074182
074196
074241
074269
074284
074307
074521
074672
074689
074694
074714
074752
074769
074778
074845
074857
075041
075095
075155
075334
075338
075346
075349
075359
075367
075438
075442
075783
075812
075884
076169
076191
076305
076314
076355
076365
076445
076475
076484
076491
076515
076554
076687
076706
076744
076754
076791
076844
076866
077093
077109
077134
077430
077796
077814
077830
077834
077858
077868
077928
077954
077972
078048
078087
078112
078170
078183
078189
078325
078333
078354
078401
078442
078473
078598
078608
078628
078756
078781
078774
078793
078862
078879
078899
078913
080204
080218
080224
080227
080240
080241
080247
080460
080462
080470
080469
080473
080694
080706
080707
080708
080709
080710
080943
080963
080962
080971
080970
080973
081055
081111
081127
081161
081174
081166
081182
081192
081209
081215
081261
081426
081433
081432
081443
081624
081643
081638
081653
081671
081672
081761
081839
081841
081854
081876
081880
081886
081888
081887
082097
082118
082117
082140
082154
082199
082208
082222
082257
082299
082312
082330
082342
082356
082366
082468
082533
082536
082550
082551
082576
082577
082752
082771
082776
082787
082802
082803
082945
082952
082955
082954
082977
082995
083013
083021
083102
083135
083152
083167
083183
083194
083263
083289
083290
083296
083371
083382
083420
083462
083479
083501
083513
083556
083633
083667
083664
083764
083777
083782
083788
083805
083894
083910
083989
084017
084032
084043
084060
084103
084111
084224
084244
084347
084378
084377
084394
084395
084423
084424
084482
084605
084639
084654
084655
084727
084787
084800
084809
084824
084863
084878
084885
084887
084982
085007
085076
085092
085098
085108
085157
085161
085232
085262
085284
085278
085324
085333
085331
085346
085448
085463
085501
085525
085522
085536
085535
085538
085624
085779
085791
085807
085803
085810
085974
085983
086085
086092
086096
086100
086101
086214
086229
086267
086359
086376
086371
086381
086379
086383
086385
086386
086611
086640
086654
086660
086662
086738
086915
086929
086928
087125
087235
087248
087271
087284
087348
087376
087482
087516
087526
087534
087541
087596
087615
087704
087788
087807
087832
087844
087853
087913
087921
087920
087944
087985
088018
088032
088057
088068
088115
088131
088219
088241
088268
088282
088330
088344
088365
088383
088446
088456
088471
088486
088499
088543
088557
088596
088611
088613
088618
088656
088794
088811
088821
088830
088829
088953
089021
089035
089061
089065
089066
089067
089088
089100
089122
089154
089183
089207
089282
089291
089290
089292
089302
089301
089471
089497
089509
089581
089610
089638
089647
089680
089804
089824
089893
089914
089913
089931
089984
090003
090009
090164
090193
090214
090232
090222
090249
090250
090259
090451
090474
090475
090485
090487
090504
090505
090700
090728
090722
090743
090756
090757
090780
090791
090809
090943
090974
091019
091021
091020
091023
091063
091074
091109
091130
091265
091274
091269
091284
091289
091290
091291
091469
091510
091539
091550
091758
091812
091826
091823
091825
091828
091829
091993
092013
092040
092053
092074
092086
092087
092090
092216
092255
092290
092342
092344
092347
092349
092365
092477
092498
092495
092586
092609
092646
092666
092706
092856
092868
092945
092964
092960
092972
093069
093135
093142
093141
093180
093192
093214
093228
093287
093312
093394
093398
093404
093409
093408
093645
093668
093739
093794
093820
093917
093940
093977
094053
094068
094086
094169
094195
094194
094212
094241
094255
094464
094482
094479
094511
094523
094534
094555
094565
094575
094717
094751
094781
094777
094796
094795
094798
094855
095008
095094
095171
095192
095206
095349
095519
095540
095575
095587
095762
095779
095780
095789
095795
095857
095885
095905
096152
096173
096192
096198
096205
096207
096209
096275
096281
096333
096454
096479
096501
096534
096801
096831
096842
096869
096883
096893
100025
100157
100173
100235
100258
100270
100312
100344
100342
100481
100598
100663
100679
100860
100878
100885
100959
100983
101033
101081
101095
101224
101230
101273
101296
101333
101355
101388
101482
101499
101550
101842
101856
101901
101927
102090
102116
102208
102224
102227
102235
102332
102598
102748
102789
102802
102807
102939
103226
103245
103267
103269
103276
103495
103524
103540
103589
103592
103602
103669
103682
103700
103711
103714
103728
103893
103902
103949
104102
104112
104118
104117
104128
104143
104174
104192
104222
104250
104344
104365
104391
104409
104452
104457
104466
104477
104489
104500
104796
104923
104992
105015
105081
105157
105236
105325
105336
105497
105541
105557
105621
105678
105697
105735
105901
105920
106393
106397
106402
106401
106425
106633
106648
106688
106741
106771
106818
106840
106918
106935
107094
107110
107135
107142
107165
107319
107438
107457
107463
107475
107474
107540
107562
107620
107658
107675
107824
107858
107872
107924
107939
108013
107973
108042
108104
108118
108165
108183
108325
108335
108487
108493
108516
108637
108654
108667
108682
108773
108846
108862
109000
109125
109139
109150
109185
109342
109349
109456
109459
109474
109485
109804
109844
109913
109952
109970
110036
110058
110090
110199
110216
110229
110251
110269
110270
110310
110382
110416
110414
110668
110849
110854
110874
110884
111358
111371
111384
111421
111435
111459
111480
111523
111863
111965
111991
112030
112074
112197
112246
112250
112276
112299
112294
112298
112302
112318
112495
112642
112656
112745
112754
112770
112787
112798
112826
112829
112854
112866
112881
112894
112923
112937
113032
113034
113177
113362
113374
113370
113528
113578
113595
113630
113726
113749
114101
114167
114192
114198
114215
114218
114239
114252
114351
114527
114633
114709
114734
114802
114823
114905
114925
114966
115255
115361
115413
115564
115586
115597
115603
115650
115799
115805
115814
115813
115816
115880
115981
115995
116094
116130
116217
116240
116280
116282
116284
116396
116586
116609
116642
116702
116726
116728
116747
116740
116759
116961
116981
117002
117035
117048
117064
117128
117138
117180
117189
117200
117242
117263
117664
117673
117799
117845
117922
117926
117951
117966
118014
118033
118162
118185
120002
120026
120020
120231
120251
120250
120252
120254
120255
120442
120464
120497
120505
120513
120514
120515
120699
120704
120716
120721
120726
120727
120929
120933
120942
120943
120941
120946
120944
120990
121104
121152
121160
121164
121172
121173
121183
121184
121337
121362
121374
121392
121395
121397
121497
121568
121589
121601
121612
121615
121631
121632
121656
121819
121849
121882
121898
121902
121910
121909
121913
122080
122125
122156
122160
122161
122162
122289
122322
122368
122379
122389
122405
122489
122537
122549
122591
122603
122602
122605
122709
122740
122741
122753
122802
122804
122805
122810
122942
122952
122968
122990
122994
123016
123030
123043
123082
123105
123173
123178
123191
123227
123240
123256
123285
123296
123394
123419
123467
123471
123470
123540
123566
123598
123611
123637
123669
123682
123689
123693
123881
123898
123893
123912
123928
123936
123938
124075
124101
124150
124163
124162
124168
124181
124192
124211
124284
124307
124328
124333
124371
124393
124409
124424
124470
124486
124428
124647
124670
124679
124690
124710
124718
124730
124863
124875
124887
124893
124919
124927
124926
124929
124968
124994
125122
125134
125135
125137
125246
125273
125298
125315
125332
125368
125382
125399
125534
125559
125587
125588
125589
125600
125601
125624
125628
125631
125651
125762
125770
125771
125772
125776
125784
125793
125912
125932
125989
125997
126009
126014
126021
126178
126195
126219
126245
126280
126285
126327
126331
126347
126545
126590
126606
126728
126763
126756
126810
126822
126827
126834
126844
126871
126912
126925
126932
126972
127015
127018
127032
127115
127132
127186
127205
127224
127243
127261
127285
127304
127355
127375
127405
127416
127443
127487
127501
127522
127559
127577
127616
127665
127792
127829
127851
127860
127864
127968
127995
127981
128011
128016
128086
128091
128113
128137
128154
128183
128193
128196
128215
128344
128395
128401
128508
128531
128593
128607
128628
128658
128683
128695
128870
128889
128958
128968
129014
129061
129081
129080
129090
129093
129186
129218
129228
129277
129291
129301
129320
129326
129329
129464
129486
129580
129596
129600
129610
129654
129695
129704
129730
129728
129840
129880
129889
129895
129899
129901
129942
129960
130018
130034
130093
130114
130113
130129
130161
130175
130237
130238
130251
130297
130312
130335
130396
130416
130544
130596
130601
130610
130645
130646
130669
130679
130804
130819
130840
130847
130859
130882
130891
131031
131035
131039
131042
131137
131150
131147
131158
131172
131184
131188
131194
131241
131252
131287
131377
131394
131438
131459
131483
131502
131654
131675
131711
131716
131724
131766
131773
131969
131994
131993
132009
132019
132020
132091
132111
132148
132155
132172
132226
132244
132269
132286
132458
132488
132578
132603
132599
132610
132709
132769
132787
132829
132836
132878
132888
133059
133079
133074
133112
133128
133220
133245
133333
133354
133394
133407
133416
133524
133546
133626
133641
133776
133779
133815
133824
133873
133891
134010
134037
134045
134057
134072
134129
134147
134156
134178
134181
134190
134404
134447
134481
134628
134643
134640
134652
134733
134752
134820
134832
134885
134906
134971
135092
135095
135109
135136
135162
135161
135186
135176
135206
135287
135348
135369
135428
135505
135527
135576
135587
135659
135691
135827
135841
135851
135857
136013
136032
136088
136104
136131
136155
136188
136338
136470
136485
136486
136495
136499
136502
136504
136509
136516
140037
140056
140081
140197
140250
140290
140295
140299
140526
140545
140639
140663
140667
140809
140814
140838
140905
141007
141017
141051
141069
141083
141107
141128
141140
141154
141198
141359
141376
141388
141565
141596
141722
141753
141755
141780
141787
141898
141918
142013
142030
142117
142239
142258
142272
142412
142516
142535
142627
142639
142638
142645
142780
142959
142969
142968
142978
143062
143085
143096
143129
143153
143401
143420
143447
143448
143454
143493
143532
143540
143546
143545
143762
143779
143849
143865
143899
143910
144224
144247
144287
144307
144349
144376
144435
144520
144526
144538
144594
144620
144743
145015
145086
145365
145368
145376
145377
145408
145379
145523
145536
145641
145660
145806
145826
145882
145947
145971
146171
146190
146352
146364
146366
146387
146447
146551
146592
146595
146602
146603
146629
146652
146666
146686
146875
147007
147069
147081
147094
147117
147276
147293
147567
147600
147607
147643
147661
147667
147678
147774
147789
147807
148152
148169
148178
148393
148444
148486
148643
148661
148682
148695
148877
148895
148931
148939
149140
149159
149273
149292
149369
149387
149563
149971
150075
150143
150184
150213
150212
150218
150230
150412
150433
150664
150690
150698
150707
150735
150784
150837
150847
150918
150977
150980
150996
151041
151042
151052
151053
151056
151074
151075
151695
151719
151783
151962
151963
151971
152127
152207
152225
152633
152934
152949
153063
153254
153367
153374
153458
153462
153469
153593
153678
153684
153698
153775
153785
153798
153948
154106
154125
154114
154144
154146
154157
154172
154173
154264
154286
154686
154708
154726
154753
154787
154806
154917
154925
155186
155191
155243
155261
155257
155265
155362
155391
155401
155426
155583
155601
155617
155659
155663
155889
155929
155950
156080
156094
156197
156232
156233
156240
156256
156272
156367
156712
156730
156728
156741
156775
156845
156874
156914
156970
157037
157051
157161
157181
157362
157367
157504
157955
157974
157992
158074
158190
158224
158247
158269
158342
158377
158521
158625
158645
158660
158680
158695
158708
158724
160060
160187
160210
160211
160221
160506
160519
160523
160537
160640
160667
160880
160951
160965
160969
160971
160974
160975
160973
160978
161011
161039
161082
161249
161319
161318
161339
161370
161398
161405
161803
161817
161824
161881
161887
162124
162179
162290
162314
162626
162681
162692
162689
162711
162723
162798
163205
163213
163263
163326
163351
163390
163409
163537
163602
163653
163678
163951
163967
164120
164141
164296
164317
164342
164346
164353
164458
164593
164815
164834
164910
164939
165118
165143
165142
165144
165197
165262
165276
165273
165288
165414
165445
165462
165534
165551
165565
165712
165822
165917
165948
165965
166023
166165
166178
166175
166198
166238
166253
166384
166445
166468
166512
166537
166559
166859
166868
166887
166909
166959
166964
167029
167298
167319
167317
167321
167327
167326
167336
167334
167360
167411
167743
167764
167895
167920
168067
168105
168159
168223
168458
168563
168651
168667
168682
168708
168720
168870
168883
168917
168920
168938
169303
169382
169399
169397
169428
169435
169466
169495
169530
169548
169629
169846
169874
169884
169966
169971
169983
169995
170153
170191
170208
170204
170219
170234
170289
170300
170322
170327
170387
170592
170615
170623
170689
170700
170699
170925
170948
171093
171127
171132
171145
171281
171311
171336
171357
171371
171384
171617
171641
171657
171700
171713
171725
171727
171752
171883
171892
172028
172034
172033
172037
172058
172061
172126
172146
172162
172165
172166
172202
172442
172605
172624
172634
173039
173049
173066
173080
173192
173207
173352
173358
173446
173732
173749
173840
173973
174021
174029
174479
174492
174511
174530
174540
174535
174701
174713
174717
174758
174887
175027
175046
175258
175280
175301
175304
175305
175306
175375
175389
175409
175422
175444
175827
175849
175900
175920
175935
175965
175988
176011
176258
176458
176476
176467
176629
176634
176641
176677
176735
176813
176830
176851
176964
176968
176978
177032
177036
177048
177068
177118
177134
177352
177419
177444
177465
177477
177489
177751
177762
177827
177862
177881
177902
177930
178124
178224
178239
178343
178589
178621
180004
180027
180025
180157
180186
180227
180229
180245
180772
180799
180795
180810
180845
180962
180967
180990
181037
181067
181116
181136
181159
181163
181167
181214
181242
181260
181477
181615
181630
181639
181650
181658
181676
181694
181940
182121
182148
182149
182446
182531
182542
182557
182575
182597
182618
182621
182628
182629
182632
182770
182789
183032
183060
183150
183205
183304
183336
183477
183568
183593
183699
183727
183745
183795
183936
183959
184180
184257
184289
184287
184288
184291
184292
184680
184707
184773
184791
184794
184808
185197
185209
185223
185485
185748
185814
185827
186024
186161
186246
186268
186324
186710
186718
186726
187102
187125
187143
187217
187389
187623
187827
187849
187854
187861
187867
187910
187926
187944
187972
187993
188092
188108
188206
188217
188227
188228
188239
188235
188251
188267
188281
188280
188314
188341
188596
188619
188752
188770
188766
188781
188826
188838
188845
188867
188954
189116
189133
189148
189193
189204
189202
189245
189256
189312
189354
189402
189520
189552
189722
189727
189759
189765
189848
189861
189851
189897
189927
189962
190084
190239
190283
190303
190309
190333
190347
190409
190416
190456
190495
190506
190662
190907
190921
190926
190929
190933
190961
190978
190980
190987
190997
191102
191119
191432
191444
191468
191486
191560
191711
191756
191785
191847
191856
191879
192139
192146
192147
192162
192171
192191
192253
192260
192261
192408
192433
192455
192520
192546
192611
192624
192689
192702
192878
193043
193114
193186
193212
193263
193577
193598
193596
193609
193950
193954
193966
193967
194140
194157
194304
194332
194326
194336
194368
194533
194536
194552
194708
195053
195096
195099
195177
195245
195268
195463
195490
195594
195615
195642
195643
195696
195720
195721
195994
196008
196020
196018
196019
196022
196023
196047
196095
196236
196310
196326
196324
196383
196411
196442
196459
196460
196610
196626
196649
196758
196774
196780
196787
196819
197106
197148
197177
197195
197542
197595
197620
197750
197764
197760
197769
197990
197993
198048
198066
198108
198117
198280
198297
198387
198510
198525